[#Total#]
LR=40464.0607864005
TC=1
FU=81689
FD=21558

[www.xcsbyy.com]
TC=1
LC=40464.0618786343
FU=81689
FD=21558
