[main]
optdata=eJwlzksOwCAIANF9k95FfgL3v1gp4+ZFHI3WqfY+NiQU9GIHBEiMxLnnDJ1hUAZnF5Jh8mZdYNcKlO0/dQy2LNlPFH+p2KRbYK77mQXsxMDhLkqiAlN+RhUoTw==
build=1240
setup=39723
FileExists=000000000
Options=1001001010000010011010011111111000000101111101110000000010000000000100110010011041100000000110010111111113001111010100
QHistoryMax=50
LSS=A2639B20788AAC144EA358EE34D149
PIDX=13
Queue=101
ActClr=65535
CB2=0
CB3=16711680
CB4=32768
CB5=255
CB6=128
CB7=-2147483643
CB8=53970
CB9=65535
CB10=128
CB11=4227327
MIPrCol=25
Email=yjlok123@163.com
Log Name=FlashFXP.log
Download Directory=E:\
ConnectTimeout=40
TransferTimeout=5
RetryDelay=120
Status Size=400
RetryCount=10
Idle Time=120
Anti-Cmd=0
KALV=30
MLS=2
SPS=0
RPS=17
RF_UPLD=3
RF_DNLD=3
RF_FXP=0
tbCapFTP=FlashFXP %s %ttr %p %n
tbCapFXP=FlashFXP %ttr %te %n
DSL=25
USL=25
Identd User=
Identd SYS=UNIX
Identd Port=113
LoPort=1024
HiPort=2048
BindIP=

[LiveUpdate]
Interval=15

[Graph]
V=0
H=65
1=16711680
2=-2147483640
3=-2147483626
4=-2147483627
5=16777215
6=-2147483633
7=3
8=1
9=1
M=2
MVT=0
MV=
COC=0
GH=0

[window]
Left=124
Top=38
Width=1024
Height=640
State=1
TS=0.492968738079071
BS=0.5
CS=0.64114111661911
LTS=0
RTS=0
THP=673
Font="宋体", 9, [], [clWindowText], 1
StatusFont="宋体", 9, [], [clWindowText], 1
QueueFont="宋体", 9, [], [clWindowText], 1
AppFont="宋体", 9, [], [clWindowText], 1
GraphFont="宋体", 9, [], [clWindowText], 1

[QuickConnect]
Left=0
Top=0
Width=424
Height=267
State=0

[SiteManager]
Left=359
Top=115
Width=632
Height=470
State=0

[QueueWindow]
Left=0
Top=0
Width=527
Height=264
State=0

[statuswin]
Left=315
Top=319
Width=592
Height=406
State=1
Font="宋体", 8, [], [clWindowText], 134
Color=-2147483643
OnTop=0
Wrap=0

[confirm]
Options=11111111

[list]
Custom=

[sounds]
Active=1

[proxy]
SKA=0

[CmdWindow]
Y=0.629999995231628
W=454
H=377

